// Globe
circle
0 0 0 150
ident
scale
1.6 1.0 1.0
move
250 250 0
apply
// Longitudinal lines
bezier
250 400 20 350 20 150 250 100
bezier
250 400 90 350 90 150 250 100 
bezier
250 400 160 350 160 150 250 100
line
250 100 0 250 400 0
bezier
250 400 340 350 340 150 250 100
bezier
250 400 410 350 410 150 250 100
bezier
250 400 480 350 480 150 250 100
// Latitudinal lines
line
70 150 0 430 150 0
line
23 200 0 477 200 0
line
10 250 0 490 250 0
line
23 300 0 477 300 0
line
70 350 0 430 350 0
// Letters
hermite
200 350 180 330 200 310 200 150
display
